function [A] = matriz ()
A=[-32, 16, -8, 4, -2, 1;
-1, 1, -1, 1, -1, 1,;
0, 0, 0, 0, 0, 1;
1, 1, 1, 1, 1, 1;
32, 16, 8, 4, 2, 1;
243, 81, 27, 9, 3, 1]
endfunction
